{
 "cells": [
  {
   "cell_type": "markdown",
   "id": "missing-trader",
   "metadata": {},
   "source": [
    "# ESTADÍSTICA: SOLUCIONES A EJERCICIOS"
   ]
  },
  {
   "cell_type": "markdown",
   "id": "connected-settlement",
   "metadata": {},
   "source": [
    "Estos ejercicios te permitirán repasar y consolidar lo que has aprendido en el módulo de estadística.\n",
    "\n",
    "No hagas los ejercicios hasta que hayas estudiado el contenido de su notebook.\n",
    "\n",
    "IMPORTANTE: el módulo de estadística pretende enseñarte los conceptos de estadística necesarios para data science. El foco no está en usar uno u otro paquete. Por tanto te recomiendo que para resolver los ejercicios no te compliques y uses exactamente los mismos paquetes y funciones que usamos en el módulo (copiar-pegar si quieres) como te digo lo importante es consolidar los conceptos que tendremos que usar en el resto del curso.\n",
    "\n",
    "Sobre gráficos no haremos ningún ejercicio ya que tenemos un módulo completo dedicado a visualización.\n",
    "\n",
    "Instrucciones:\n",
    "\n",
    "* Crea una copia de este notebook antes de escribir nada. De esa forma respetarás el original para volver a hacerlo\n",
    "* Cada ejercicio tiene unas instrucciones de lo que debes hacer en él\n",
    "* Bajo las instrucciones estará una celda vacía, aquí es donde tú debes escribir la solución\n",
    "* Y bajo esta última celda verás que hay otras dos celdas. La primera está vacía y no la debes tocar. Es para que tengas siempre a mano la solución al ejercicio, ya que esta no va a cambiar"
   ]
  },
  {
   "cell_type": "code",
   "execution_count": 1,
   "id": "industrial-medicare",
   "metadata": {},
   "outputs": [],
   "source": [
    "#Te dejo creada la importación de paquetes\n",
    "#Simplemente ejecuta esa celda para que se cargen\n",
    "import pandas as pd\n",
    "import numpy as np\n",
    "import statistics\n",
    "import scipy as sp\n",
    "import seaborn as sns\n",
    "import random\n",
    "import math\n",
    "from statsmodels.stats.proportion import proportions_ztest"
   ]
  },
  {
   "cell_type": "markdown",
   "id": "informal-retro",
   "metadata": {},
   "source": [
    "Vamos a trabajar con un dataset de ventas de productos para hacer los ejerecicios.\n",
    "\n",
    "Te lo dejo ya cargado como df.\n",
    "\n",
    "De momento por sencillez le quitaremos todos los nulos, aprendemos mucho más sobre como gestionarlos mejor más adelante en el programa."
   ]
  },
  {
   "cell_type": "code",
   "execution_count": 2,
   "id": "disturbed-affect",
   "metadata": {},
   "outputs": [
    {
     "data": {
      "text/html": [
       "<div>\n",
       "<style scoped>\n",
       "    .dataframe tbody tr th:only-of-type {\n",
       "        vertical-align: middle;\n",
       "    }\n",
       "\n",
       "    .dataframe tbody tr th {\n",
       "        vertical-align: top;\n",
       "    }\n",
       "\n",
       "    .dataframe thead th {\n",
       "        text-align: right;\n",
       "    }\n",
       "</style>\n",
       "<table border=\"1\" class=\"dataframe\">\n",
       "  <thead>\n",
       "    <tr style=\"text-align: right;\">\n",
       "      <th></th>\n",
       "      <th>Product_Code</th>\n",
       "      <th>Warehouse</th>\n",
       "      <th>Product_Category</th>\n",
       "      <th>Date</th>\n",
       "      <th>Order_Demand</th>\n",
       "    </tr>\n",
       "  </thead>\n",
       "  <tbody>\n",
       "    <tr>\n",
       "      <th>1</th>\n",
       "      <td>Product_1517</td>\n",
       "      <td>Whse_J</td>\n",
       "      <td>Category_019</td>\n",
       "      <td>2014/11/12</td>\n",
       "      <td>200.0</td>\n",
       "    </tr>\n",
       "    <tr>\n",
       "      <th>2</th>\n",
       "      <td>Product_1987</td>\n",
       "      <td>Whse_J</td>\n",
       "      <td>Category_005</td>\n",
       "      <td>2014/2/28</td>\n",
       "      <td>700.0</td>\n",
       "    </tr>\n",
       "    <tr>\n",
       "      <th>3</th>\n",
       "      <td>Product_0187</td>\n",
       "      <td>Whse_J</td>\n",
       "      <td>Category_007</td>\n",
       "      <td>2016/1/8</td>\n",
       "      <td>3.0</td>\n",
       "    </tr>\n",
       "    <tr>\n",
       "      <th>4</th>\n",
       "      <td>Product_1583</td>\n",
       "      <td>Whse_J</td>\n",
       "      <td>Category_005</td>\n",
       "      <td>2014/3/20</td>\n",
       "      <td>100.0</td>\n",
       "    </tr>\n",
       "    <tr>\n",
       "      <th>5</th>\n",
       "      <td>Product_0110</td>\n",
       "      <td>Whse_J</td>\n",
       "      <td>Category_032</td>\n",
       "      <td>2013/7/19</td>\n",
       "      <td>360.0</td>\n",
       "    </tr>\n",
       "    <tr>\n",
       "      <th>...</th>\n",
       "      <td>...</td>\n",
       "      <td>...</td>\n",
       "      <td>...</td>\n",
       "      <td>...</td>\n",
       "      <td>...</td>\n",
       "    </tr>\n",
       "    <tr>\n",
       "      <th>49996</th>\n",
       "      <td>Product_1458</td>\n",
       "      <td>Whse_J</td>\n",
       "      <td>Category_019</td>\n",
       "      <td>2014/6/2</td>\n",
       "      <td>200.0</td>\n",
       "    </tr>\n",
       "    <tr>\n",
       "      <th>49997</th>\n",
       "      <td>Product_2082</td>\n",
       "      <td>Whse_A</td>\n",
       "      <td>Category_009</td>\n",
       "      <td>2015/10/21</td>\n",
       "      <td>590.0</td>\n",
       "    </tr>\n",
       "    <tr>\n",
       "      <th>49998</th>\n",
       "      <td>Product_0038</td>\n",
       "      <td>Whse_C</td>\n",
       "      <td>Category_005</td>\n",
       "      <td>2015/7/10</td>\n",
       "      <td>5000.0</td>\n",
       "    </tr>\n",
       "    <tr>\n",
       "      <th>49999</th>\n",
       "      <td>Product_1393</td>\n",
       "      <td>Whse_J</td>\n",
       "      <td>Category_019</td>\n",
       "      <td>2012/1/17</td>\n",
       "      <td>9000.0</td>\n",
       "    </tr>\n",
       "    <tr>\n",
       "      <th>50000</th>\n",
       "      <td>Product_0023</td>\n",
       "      <td>Whse_J</td>\n",
       "      <td>Category_005</td>\n",
       "      <td>2016/6/16</td>\n",
       "      <td>300.0</td>\n",
       "    </tr>\n",
       "  </tbody>\n",
       "</table>\n",
       "<p>49168 rows × 5 columns</p>\n",
       "</div>"
      ],
      "text/plain": [
       "       Product_Code Warehouse Product_Category        Date  Order_Demand\n",
       "1      Product_1517    Whse_J     Category_019  2014/11/12         200.0\n",
       "2      Product_1987    Whse_J     Category_005   2014/2/28         700.0\n",
       "3      Product_0187    Whse_J     Category_007    2016/1/8           3.0\n",
       "4      Product_1583    Whse_J     Category_005   2014/3/20         100.0\n",
       "5      Product_0110    Whse_J     Category_032   2013/7/19         360.0\n",
       "...             ...       ...              ...         ...           ...\n",
       "49996  Product_1458    Whse_J     Category_019    2014/6/2         200.0\n",
       "49997  Product_2082    Whse_A     Category_009  2015/10/21         590.0\n",
       "49998  Product_0038    Whse_C     Category_005   2015/7/10        5000.0\n",
       "49999  Product_1393    Whse_J     Category_019   2012/1/17        9000.0\n",
       "50000  Product_0023    Whse_J     Category_005   2016/6/16         300.0\n",
       "\n",
       "[49168 rows x 5 columns]"
      ]
     },
     "execution_count": 2,
     "metadata": {},
     "output_type": "execute_result"
    }
   ],
   "source": [
    "df = pd.read_csv('../../00_Datasets/HistoricoVentas.csv', sep = ',', index_col = 0)\n",
    "df.dropna(inplace = True)\n",
    "df"
   ]
  },
  {
   "cell_type": "markdown",
   "id": "portable-wells",
   "metadata": {},
   "source": [
    "## Ejercicio:\n",
    "\n",
    "Haz un conteo de frecuencias de cuantas ventas hay de cada categoría de producto."
   ]
  },
  {
   "cell_type": "code",
   "execution_count": null,
   "id": "c27b3dde-10c0-4450-ba1b-03992101144e",
   "metadata": {},
   "outputs": [],
   "source": []
  },
  {
   "cell_type": "code",
   "execution_count": 3,
   "id": "proof-insured",
   "metadata": {},
   "outputs": [
    {
     "data": {
      "text/plain": [
       "Product_Category\n",
       "Category_019    22418\n",
       "Category_005     4754\n",
       "Category_001     4634\n",
       "Category_007     3914\n",
       "Category_021     2414\n",
       "Category_006     1686\n",
       "Category_028     1506\n",
       "Category_011     1164\n",
       "Category_015     1045\n",
       "Category_024      974\n",
       "Category_009      947\n",
       "Category_026      708\n",
       "Category_030      610\n",
       "Category_032      456\n",
       "Category_022      403\n",
       "Category_023      367\n",
       "Category_018      234\n",
       "Category_003      185\n",
       "Category_013      177\n",
       "Category_020      156\n",
       "Category_031       85\n",
       "Category_008       81\n",
       "Category_033       76\n",
       "Category_012       47\n",
       "Category_010       42\n",
       "Category_029       37\n",
       "Category_017       23\n",
       "Category_004       14\n",
       "Category_016        5\n",
       "Category_025        3\n",
       "Category_002        2\n",
       "Category_027        1\n",
       "Name: count, dtype: int64"
      ]
     },
     "execution_count": 3,
     "metadata": {},
     "output_type": "execute_result"
    }
   ],
   "source": [
    "#No tocar, es para que veas la solución"
   ]
  },
  {
   "cell_type": "markdown",
   "id": "religious-conversion",
   "metadata": {},
   "source": [
    "## Ejercicio:\n",
    "\n",
    "¿Cual es la categoría de producto más vendida? (saca la moda)."
   ]
  },
  {
   "cell_type": "code",
   "execution_count": null,
   "id": "48250971-4180-44fc-bc5e-951a67fa8166",
   "metadata": {},
   "outputs": [],
   "source": []
  },
  {
   "cell_type": "code",
   "execution_count": 4,
   "id": "emotional-update",
   "metadata": {},
   "outputs": [
    {
     "data": {
      "text/plain": [
       "'Category_019'"
      ]
     },
     "execution_count": 4,
     "metadata": {},
     "output_type": "execute_result"
    }
   ],
   "source": [
    "#No tocar, es para que veas la solución"
   ]
  },
  {
   "cell_type": "markdown",
   "id": "corrected-graham",
   "metadata": {},
   "source": [
    "## Ejercicio:\n",
    "\n",
    "¿Cuantas ventas ha habido de cada categoría de producto en cada almacén (Warehouse)? (haz una tabla cruzada)\n",
    "\n",
    "Consejo: como hay muchas más categorías que almacenes pon las categorías como filas. "
   ]
  },
  {
   "cell_type": "code",
   "execution_count": null,
   "id": "881aad91-e4b5-4062-b627-30cb2b41e141",
   "metadata": {},
   "outputs": [],
   "source": []
  },
  {
   "cell_type": "code",
   "execution_count": 5,
   "id": "severe-general",
   "metadata": {},
   "outputs": [
    {
     "data": {
      "text/html": [
       "<div>\n",
       "<style scoped>\n",
       "    .dataframe tbody tr th:only-of-type {\n",
       "        vertical-align: middle;\n",
       "    }\n",
       "\n",
       "    .dataframe tbody tr th {\n",
       "        vertical-align: top;\n",
       "    }\n",
       "\n",
       "    .dataframe thead th {\n",
       "        text-align: right;\n",
       "    }\n",
       "</style>\n",
       "<table border=\"1\" class=\"dataframe\">\n",
       "  <thead>\n",
       "    <tr style=\"text-align: right;\">\n",
       "      <th>Warehouse</th>\n",
       "      <th>Whse_A</th>\n",
       "      <th>Whse_C</th>\n",
       "      <th>Whse_J</th>\n",
       "      <th>Whse_S</th>\n",
       "    </tr>\n",
       "    <tr>\n",
       "      <th>Product_Category</th>\n",
       "      <th></th>\n",
       "      <th></th>\n",
       "      <th></th>\n",
       "      <th></th>\n",
       "    </tr>\n",
       "  </thead>\n",
       "  <tbody>\n",
       "    <tr>\n",
       "      <th>Category_001</th>\n",
       "      <td>8</td>\n",
       "      <td>109</td>\n",
       "      <td>4399</td>\n",
       "      <td>118</td>\n",
       "    </tr>\n",
       "    <tr>\n",
       "      <th>Category_002</th>\n",
       "      <td>0</td>\n",
       "      <td>0</td>\n",
       "      <td>0</td>\n",
       "      <td>2</td>\n",
       "    </tr>\n",
       "    <tr>\n",
       "      <th>Category_003</th>\n",
       "      <td>96</td>\n",
       "      <td>0</td>\n",
       "      <td>62</td>\n",
       "      <td>27</td>\n",
       "    </tr>\n",
       "    <tr>\n",
       "      <th>Category_004</th>\n",
       "      <td>0</td>\n",
       "      <td>0</td>\n",
       "      <td>0</td>\n",
       "      <td>14</td>\n",
       "    </tr>\n",
       "    <tr>\n",
       "      <th>Category_005</th>\n",
       "      <td>74</td>\n",
       "      <td>169</td>\n",
       "      <td>4286</td>\n",
       "      <td>225</td>\n",
       "    </tr>\n",
       "    <tr>\n",
       "      <th>Category_006</th>\n",
       "      <td>190</td>\n",
       "      <td>41</td>\n",
       "      <td>1303</td>\n",
       "      <td>152</td>\n",
       "    </tr>\n",
       "    <tr>\n",
       "      <th>Category_007</th>\n",
       "      <td>706</td>\n",
       "      <td>271</td>\n",
       "      <td>2644</td>\n",
       "      <td>293</td>\n",
       "    </tr>\n",
       "    <tr>\n",
       "      <th>Category_008</th>\n",
       "      <td>4</td>\n",
       "      <td>1</td>\n",
       "      <td>76</td>\n",
       "      <td>0</td>\n",
       "    </tr>\n",
       "    <tr>\n",
       "      <th>Category_009</th>\n",
       "      <td>359</td>\n",
       "      <td>38</td>\n",
       "      <td>239</td>\n",
       "      <td>311</td>\n",
       "    </tr>\n",
       "    <tr>\n",
       "      <th>Category_010</th>\n",
       "      <td>31</td>\n",
       "      <td>0</td>\n",
       "      <td>10</td>\n",
       "      <td>1</td>\n",
       "    </tr>\n",
       "    <tr>\n",
       "      <th>Category_011</th>\n",
       "      <td>43</td>\n",
       "      <td>22</td>\n",
       "      <td>1056</td>\n",
       "      <td>43</td>\n",
       "    </tr>\n",
       "    <tr>\n",
       "      <th>Category_012</th>\n",
       "      <td>9</td>\n",
       "      <td>5</td>\n",
       "      <td>17</td>\n",
       "      <td>16</td>\n",
       "    </tr>\n",
       "    <tr>\n",
       "      <th>Category_013</th>\n",
       "      <td>51</td>\n",
       "      <td>0</td>\n",
       "      <td>109</td>\n",
       "      <td>17</td>\n",
       "    </tr>\n",
       "    <tr>\n",
       "      <th>Category_015</th>\n",
       "      <td>238</td>\n",
       "      <td>130</td>\n",
       "      <td>476</td>\n",
       "      <td>201</td>\n",
       "    </tr>\n",
       "    <tr>\n",
       "      <th>Category_016</th>\n",
       "      <td>3</td>\n",
       "      <td>0</td>\n",
       "      <td>0</td>\n",
       "      <td>2</td>\n",
       "    </tr>\n",
       "    <tr>\n",
       "      <th>Category_017</th>\n",
       "      <td>8</td>\n",
       "      <td>0</td>\n",
       "      <td>15</td>\n",
       "      <td>0</td>\n",
       "    </tr>\n",
       "    <tr>\n",
       "      <th>Category_018</th>\n",
       "      <td>117</td>\n",
       "      <td>0</td>\n",
       "      <td>89</td>\n",
       "      <td>28</td>\n",
       "    </tr>\n",
       "    <tr>\n",
       "      <th>Category_019</th>\n",
       "      <td>2954</td>\n",
       "      <td>829</td>\n",
       "      <td>17575</td>\n",
       "      <td>1060</td>\n",
       "    </tr>\n",
       "    <tr>\n",
       "      <th>Category_020</th>\n",
       "      <td>0</td>\n",
       "      <td>5</td>\n",
       "      <td>0</td>\n",
       "      <td>151</td>\n",
       "    </tr>\n",
       "    <tr>\n",
       "      <th>Category_021</th>\n",
       "      <td>634</td>\n",
       "      <td>77</td>\n",
       "      <td>1464</td>\n",
       "      <td>239</td>\n",
       "    </tr>\n",
       "    <tr>\n",
       "      <th>Category_022</th>\n",
       "      <td>39</td>\n",
       "      <td>0</td>\n",
       "      <td>79</td>\n",
       "      <td>285</td>\n",
       "    </tr>\n",
       "    <tr>\n",
       "      <th>Category_023</th>\n",
       "      <td>20</td>\n",
       "      <td>101</td>\n",
       "      <td>159</td>\n",
       "      <td>87</td>\n",
       "    </tr>\n",
       "    <tr>\n",
       "      <th>Category_024</th>\n",
       "      <td>335</td>\n",
       "      <td>97</td>\n",
       "      <td>360</td>\n",
       "      <td>182</td>\n",
       "    </tr>\n",
       "    <tr>\n",
       "      <th>Category_025</th>\n",
       "      <td>0</td>\n",
       "      <td>0</td>\n",
       "      <td>0</td>\n",
       "      <td>3</td>\n",
       "    </tr>\n",
       "    <tr>\n",
       "      <th>Category_026</th>\n",
       "      <td>171</td>\n",
       "      <td>0</td>\n",
       "      <td>513</td>\n",
       "      <td>24</td>\n",
       "    </tr>\n",
       "    <tr>\n",
       "      <th>Category_027</th>\n",
       "      <td>1</td>\n",
       "      <td>0</td>\n",
       "      <td>0</td>\n",
       "      <td>0</td>\n",
       "    </tr>\n",
       "    <tr>\n",
       "      <th>Category_028</th>\n",
       "      <td>542</td>\n",
       "      <td>0</td>\n",
       "      <td>887</td>\n",
       "      <td>77</td>\n",
       "    </tr>\n",
       "    <tr>\n",
       "      <th>Category_029</th>\n",
       "      <td>37</td>\n",
       "      <td>0</td>\n",
       "      <td>0</td>\n",
       "      <td>0</td>\n",
       "    </tr>\n",
       "    <tr>\n",
       "      <th>Category_030</th>\n",
       "      <td>0</td>\n",
       "      <td>96</td>\n",
       "      <td>100</td>\n",
       "      <td>414</td>\n",
       "    </tr>\n",
       "    <tr>\n",
       "      <th>Category_031</th>\n",
       "      <td>43</td>\n",
       "      <td>0</td>\n",
       "      <td>42</td>\n",
       "      <td>0</td>\n",
       "    </tr>\n",
       "    <tr>\n",
       "      <th>Category_032</th>\n",
       "      <td>0</td>\n",
       "      <td>10</td>\n",
       "      <td>295</td>\n",
       "      <td>151</td>\n",
       "    </tr>\n",
       "    <tr>\n",
       "      <th>Category_033</th>\n",
       "      <td>0</td>\n",
       "      <td>0</td>\n",
       "      <td>76</td>\n",
       "      <td>0</td>\n",
       "    </tr>\n",
       "  </tbody>\n",
       "</table>\n",
       "</div>"
      ],
      "text/plain": [
       "Warehouse         Whse_A  Whse_C  Whse_J  Whse_S\n",
       "Product_Category                                \n",
       "Category_001           8     109    4399     118\n",
       "Category_002           0       0       0       2\n",
       "Category_003          96       0      62      27\n",
       "Category_004           0       0       0      14\n",
       "Category_005          74     169    4286     225\n",
       "Category_006         190      41    1303     152\n",
       "Category_007         706     271    2644     293\n",
       "Category_008           4       1      76       0\n",
       "Category_009         359      38     239     311\n",
       "Category_010          31       0      10       1\n",
       "Category_011          43      22    1056      43\n",
       "Category_012           9       5      17      16\n",
       "Category_013          51       0     109      17\n",
       "Category_015         238     130     476     201\n",
       "Category_016           3       0       0       2\n",
       "Category_017           8       0      15       0\n",
       "Category_018         117       0      89      28\n",
       "Category_019        2954     829   17575    1060\n",
       "Category_020           0       5       0     151\n",
       "Category_021         634      77    1464     239\n",
       "Category_022          39       0      79     285\n",
       "Category_023          20     101     159      87\n",
       "Category_024         335      97     360     182\n",
       "Category_025           0       0       0       3\n",
       "Category_026         171       0     513      24\n",
       "Category_027           1       0       0       0\n",
       "Category_028         542       0     887      77\n",
       "Category_029          37       0       0       0\n",
       "Category_030           0      96     100     414\n",
       "Category_031          43       0      42       0\n",
       "Category_032           0      10     295     151\n",
       "Category_033           0       0      76       0"
      ]
     },
     "execution_count": 5,
     "metadata": {},
     "output_type": "execute_result"
    }
   ],
   "source": [
    "#No tocar, es para que veas la solución"
   ]
  },
  {
   "cell_type": "markdown",
   "id": "dressed-basement",
   "metadata": {},
   "source": [
    "## Ejercicio:\n",
    "\n",
    "Ahora haz lo mismo pero que salga en porcentaje de las categorías de producto(que las filas sumen 100%)"
   ]
  },
  {
   "cell_type": "code",
   "execution_count": null,
   "id": "faf33949-0873-4380-9c83-2089587dd36a",
   "metadata": {},
   "outputs": [],
   "source": []
  },
  {
   "cell_type": "code",
   "execution_count": 6,
   "id": "administrative-pavilion",
   "metadata": {},
   "outputs": [
    {
     "data": {
      "text/html": [
       "<div>\n",
       "<style scoped>\n",
       "    .dataframe tbody tr th:only-of-type {\n",
       "        vertical-align: middle;\n",
       "    }\n",
       "\n",
       "    .dataframe tbody tr th {\n",
       "        vertical-align: top;\n",
       "    }\n",
       "\n",
       "    .dataframe thead th {\n",
       "        text-align: right;\n",
       "    }\n",
       "</style>\n",
       "<table border=\"1\" class=\"dataframe\">\n",
       "  <thead>\n",
       "    <tr style=\"text-align: right;\">\n",
       "      <th>Warehouse</th>\n",
       "      <th>Whse_A</th>\n",
       "      <th>Whse_C</th>\n",
       "      <th>Whse_J</th>\n",
       "      <th>Whse_S</th>\n",
       "    </tr>\n",
       "    <tr>\n",
       "      <th>Product_Category</th>\n",
       "      <th></th>\n",
       "      <th></th>\n",
       "      <th></th>\n",
       "      <th></th>\n",
       "    </tr>\n",
       "  </thead>\n",
       "  <tbody>\n",
       "    <tr>\n",
       "      <th>Category_001</th>\n",
       "      <td>0.001726</td>\n",
       "      <td>0.023522</td>\n",
       "      <td>0.949288</td>\n",
       "      <td>0.025464</td>\n",
       "    </tr>\n",
       "    <tr>\n",
       "      <th>Category_002</th>\n",
       "      <td>0.000000</td>\n",
       "      <td>0.000000</td>\n",
       "      <td>0.000000</td>\n",
       "      <td>1.000000</td>\n",
       "    </tr>\n",
       "    <tr>\n",
       "      <th>Category_003</th>\n",
       "      <td>0.518919</td>\n",
       "      <td>0.000000</td>\n",
       "      <td>0.335135</td>\n",
       "      <td>0.145946</td>\n",
       "    </tr>\n",
       "    <tr>\n",
       "      <th>Category_004</th>\n",
       "      <td>0.000000</td>\n",
       "      <td>0.000000</td>\n",
       "      <td>0.000000</td>\n",
       "      <td>1.000000</td>\n",
       "    </tr>\n",
       "    <tr>\n",
       "      <th>Category_005</th>\n",
       "      <td>0.015566</td>\n",
       "      <td>0.035549</td>\n",
       "      <td>0.901557</td>\n",
       "      <td>0.047329</td>\n",
       "    </tr>\n",
       "    <tr>\n",
       "      <th>Category_006</th>\n",
       "      <td>0.112693</td>\n",
       "      <td>0.024318</td>\n",
       "      <td>0.772835</td>\n",
       "      <td>0.090154</td>\n",
       "    </tr>\n",
       "    <tr>\n",
       "      <th>Category_007</th>\n",
       "      <td>0.180378</td>\n",
       "      <td>0.069239</td>\n",
       "      <td>0.675524</td>\n",
       "      <td>0.074859</td>\n",
       "    </tr>\n",
       "    <tr>\n",
       "      <th>Category_008</th>\n",
       "      <td>0.049383</td>\n",
       "      <td>0.012346</td>\n",
       "      <td>0.938272</td>\n",
       "      <td>0.000000</td>\n",
       "    </tr>\n",
       "    <tr>\n",
       "      <th>Category_009</th>\n",
       "      <td>0.379092</td>\n",
       "      <td>0.040127</td>\n",
       "      <td>0.252376</td>\n",
       "      <td>0.328405</td>\n",
       "    </tr>\n",
       "    <tr>\n",
       "      <th>Category_010</th>\n",
       "      <td>0.738095</td>\n",
       "      <td>0.000000</td>\n",
       "      <td>0.238095</td>\n",
       "      <td>0.023810</td>\n",
       "    </tr>\n",
       "    <tr>\n",
       "      <th>Category_011</th>\n",
       "      <td>0.036942</td>\n",
       "      <td>0.018900</td>\n",
       "      <td>0.907216</td>\n",
       "      <td>0.036942</td>\n",
       "    </tr>\n",
       "    <tr>\n",
       "      <th>Category_012</th>\n",
       "      <td>0.191489</td>\n",
       "      <td>0.106383</td>\n",
       "      <td>0.361702</td>\n",
       "      <td>0.340426</td>\n",
       "    </tr>\n",
       "    <tr>\n",
       "      <th>Category_013</th>\n",
       "      <td>0.288136</td>\n",
       "      <td>0.000000</td>\n",
       "      <td>0.615819</td>\n",
       "      <td>0.096045</td>\n",
       "    </tr>\n",
       "    <tr>\n",
       "      <th>Category_015</th>\n",
       "      <td>0.227751</td>\n",
       "      <td>0.124402</td>\n",
       "      <td>0.455502</td>\n",
       "      <td>0.192344</td>\n",
       "    </tr>\n",
       "    <tr>\n",
       "      <th>Category_016</th>\n",
       "      <td>0.600000</td>\n",
       "      <td>0.000000</td>\n",
       "      <td>0.000000</td>\n",
       "      <td>0.400000</td>\n",
       "    </tr>\n",
       "    <tr>\n",
       "      <th>Category_017</th>\n",
       "      <td>0.347826</td>\n",
       "      <td>0.000000</td>\n",
       "      <td>0.652174</td>\n",
       "      <td>0.000000</td>\n",
       "    </tr>\n",
       "    <tr>\n",
       "      <th>Category_018</th>\n",
       "      <td>0.500000</td>\n",
       "      <td>0.000000</td>\n",
       "      <td>0.380342</td>\n",
       "      <td>0.119658</td>\n",
       "    </tr>\n",
       "    <tr>\n",
       "      <th>Category_019</th>\n",
       "      <td>0.131769</td>\n",
       "      <td>0.036979</td>\n",
       "      <td>0.783968</td>\n",
       "      <td>0.047283</td>\n",
       "    </tr>\n",
       "    <tr>\n",
       "      <th>Category_020</th>\n",
       "      <td>0.000000</td>\n",
       "      <td>0.032051</td>\n",
       "      <td>0.000000</td>\n",
       "      <td>0.967949</td>\n",
       "    </tr>\n",
       "    <tr>\n",
       "      <th>Category_021</th>\n",
       "      <td>0.262635</td>\n",
       "      <td>0.031897</td>\n",
       "      <td>0.606462</td>\n",
       "      <td>0.099006</td>\n",
       "    </tr>\n",
       "    <tr>\n",
       "      <th>Category_022</th>\n",
       "      <td>0.096774</td>\n",
       "      <td>0.000000</td>\n",
       "      <td>0.196030</td>\n",
       "      <td>0.707196</td>\n",
       "    </tr>\n",
       "    <tr>\n",
       "      <th>Category_023</th>\n",
       "      <td>0.054496</td>\n",
       "      <td>0.275204</td>\n",
       "      <td>0.433243</td>\n",
       "      <td>0.237057</td>\n",
       "    </tr>\n",
       "    <tr>\n",
       "      <th>Category_024</th>\n",
       "      <td>0.343943</td>\n",
       "      <td>0.099589</td>\n",
       "      <td>0.369610</td>\n",
       "      <td>0.186858</td>\n",
       "    </tr>\n",
       "    <tr>\n",
       "      <th>Category_025</th>\n",
       "      <td>0.000000</td>\n",
       "      <td>0.000000</td>\n",
       "      <td>0.000000</td>\n",
       "      <td>1.000000</td>\n",
       "    </tr>\n",
       "    <tr>\n",
       "      <th>Category_026</th>\n",
       "      <td>0.241525</td>\n",
       "      <td>0.000000</td>\n",
       "      <td>0.724576</td>\n",
       "      <td>0.033898</td>\n",
       "    </tr>\n",
       "    <tr>\n",
       "      <th>Category_027</th>\n",
       "      <td>1.000000</td>\n",
       "      <td>0.000000</td>\n",
       "      <td>0.000000</td>\n",
       "      <td>0.000000</td>\n",
       "    </tr>\n",
       "    <tr>\n",
       "      <th>Category_028</th>\n",
       "      <td>0.359894</td>\n",
       "      <td>0.000000</td>\n",
       "      <td>0.588977</td>\n",
       "      <td>0.051129</td>\n",
       "    </tr>\n",
       "    <tr>\n",
       "      <th>Category_029</th>\n",
       "      <td>1.000000</td>\n",
       "      <td>0.000000</td>\n",
       "      <td>0.000000</td>\n",
       "      <td>0.000000</td>\n",
       "    </tr>\n",
       "    <tr>\n",
       "      <th>Category_030</th>\n",
       "      <td>0.000000</td>\n",
       "      <td>0.157377</td>\n",
       "      <td>0.163934</td>\n",
       "      <td>0.678689</td>\n",
       "    </tr>\n",
       "    <tr>\n",
       "      <th>Category_031</th>\n",
       "      <td>0.505882</td>\n",
       "      <td>0.000000</td>\n",
       "      <td>0.494118</td>\n",
       "      <td>0.000000</td>\n",
       "    </tr>\n",
       "    <tr>\n",
       "      <th>Category_032</th>\n",
       "      <td>0.000000</td>\n",
       "      <td>0.021930</td>\n",
       "      <td>0.646930</td>\n",
       "      <td>0.331140</td>\n",
       "    </tr>\n",
       "    <tr>\n",
       "      <th>Category_033</th>\n",
       "      <td>0.000000</td>\n",
       "      <td>0.000000</td>\n",
       "      <td>1.000000</td>\n",
       "      <td>0.000000</td>\n",
       "    </tr>\n",
       "  </tbody>\n",
       "</table>\n",
       "</div>"
      ],
      "text/plain": [
       "Warehouse           Whse_A    Whse_C    Whse_J    Whse_S\n",
       "Product_Category                                        \n",
       "Category_001      0.001726  0.023522  0.949288  0.025464\n",
       "Category_002      0.000000  0.000000  0.000000  1.000000\n",
       "Category_003      0.518919  0.000000  0.335135  0.145946\n",
       "Category_004      0.000000  0.000000  0.000000  1.000000\n",
       "Category_005      0.015566  0.035549  0.901557  0.047329\n",
       "Category_006      0.112693  0.024318  0.772835  0.090154\n",
       "Category_007      0.180378  0.069239  0.675524  0.074859\n",
       "Category_008      0.049383  0.012346  0.938272  0.000000\n",
       "Category_009      0.379092  0.040127  0.252376  0.328405\n",
       "Category_010      0.738095  0.000000  0.238095  0.023810\n",
       "Category_011      0.036942  0.018900  0.907216  0.036942\n",
       "Category_012      0.191489  0.106383  0.361702  0.340426\n",
       "Category_013      0.288136  0.000000  0.615819  0.096045\n",
       "Category_015      0.227751  0.124402  0.455502  0.192344\n",
       "Category_016      0.600000  0.000000  0.000000  0.400000\n",
       "Category_017      0.347826  0.000000  0.652174  0.000000\n",
       "Category_018      0.500000  0.000000  0.380342  0.119658\n",
       "Category_019      0.131769  0.036979  0.783968  0.047283\n",
       "Category_020      0.000000  0.032051  0.000000  0.967949\n",
       "Category_021      0.262635  0.031897  0.606462  0.099006\n",
       "Category_022      0.096774  0.000000  0.196030  0.707196\n",
       "Category_023      0.054496  0.275204  0.433243  0.237057\n",
       "Category_024      0.343943  0.099589  0.369610  0.186858\n",
       "Category_025      0.000000  0.000000  0.000000  1.000000\n",
       "Category_026      0.241525  0.000000  0.724576  0.033898\n",
       "Category_027      1.000000  0.000000  0.000000  0.000000\n",
       "Category_028      0.359894  0.000000  0.588977  0.051129\n",
       "Category_029      1.000000  0.000000  0.000000  0.000000\n",
       "Category_030      0.000000  0.157377  0.163934  0.678689\n",
       "Category_031      0.505882  0.000000  0.494118  0.000000\n",
       "Category_032      0.000000  0.021930  0.646930  0.331140\n",
       "Category_033      0.000000  0.000000  1.000000  0.000000"
      ]
     },
     "execution_count": 6,
     "metadata": {},
     "output_type": "execute_result"
    }
   ],
   "source": [
    "#No tocar, es para que veas la solución"
   ]
  },
  {
   "cell_type": "markdown",
   "id": "bearing-spyware",
   "metadata": {},
   "source": [
    "## Ejercicio:\n",
    "\n",
    "¿Está relacionada la venta de ciertas categorías de productos con ciertos almacenes? ¿o por el contrario se venden igual en todos?\n",
    "\n",
    "Empieza creando la tabla de contingencia."
   ]
  },
  {
   "cell_type": "code",
   "execution_count": null,
   "id": "5251487e-ae19-4cce-b034-8889452927e2",
   "metadata": {},
   "outputs": [],
   "source": []
  },
  {
   "cell_type": "code",
   "execution_count": 8,
   "id": "mathematical-moisture",
   "metadata": {},
   "outputs": [
    {
     "data": {
      "text/html": [
       "<div>\n",
       "<style scoped>\n",
       "    .dataframe tbody tr th:only-of-type {\n",
       "        vertical-align: middle;\n",
       "    }\n",
       "\n",
       "    .dataframe tbody tr th {\n",
       "        vertical-align: top;\n",
       "    }\n",
       "\n",
       "    .dataframe thead th {\n",
       "        text-align: right;\n",
       "    }\n",
       "</style>\n",
       "<table border=\"1\" class=\"dataframe\">\n",
       "  <thead>\n",
       "    <tr style=\"text-align: right;\">\n",
       "      <th>Warehouse</th>\n",
       "      <th>Whse_A</th>\n",
       "      <th>Whse_C</th>\n",
       "      <th>Whse_J</th>\n",
       "      <th>Whse_S</th>\n",
       "    </tr>\n",
       "    <tr>\n",
       "      <th>Product_Category</th>\n",
       "      <th></th>\n",
       "      <th></th>\n",
       "      <th></th>\n",
       "      <th></th>\n",
       "    </tr>\n",
       "  </thead>\n",
       "  <tbody>\n",
       "    <tr>\n",
       "      <th>Category_001</th>\n",
       "      <td>8</td>\n",
       "      <td>109</td>\n",
       "      <td>4399</td>\n",
       "      <td>118</td>\n",
       "    </tr>\n",
       "    <tr>\n",
       "      <th>Category_002</th>\n",
       "      <td>0</td>\n",
       "      <td>0</td>\n",
       "      <td>0</td>\n",
       "      <td>2</td>\n",
       "    </tr>\n",
       "    <tr>\n",
       "      <th>Category_003</th>\n",
       "      <td>96</td>\n",
       "      <td>0</td>\n",
       "      <td>62</td>\n",
       "      <td>27</td>\n",
       "    </tr>\n",
       "    <tr>\n",
       "      <th>Category_004</th>\n",
       "      <td>0</td>\n",
       "      <td>0</td>\n",
       "      <td>0</td>\n",
       "      <td>14</td>\n",
       "    </tr>\n",
       "    <tr>\n",
       "      <th>Category_005</th>\n",
       "      <td>74</td>\n",
       "      <td>169</td>\n",
       "      <td>4286</td>\n",
       "      <td>225</td>\n",
       "    </tr>\n",
       "    <tr>\n",
       "      <th>Category_006</th>\n",
       "      <td>190</td>\n",
       "      <td>41</td>\n",
       "      <td>1303</td>\n",
       "      <td>152</td>\n",
       "    </tr>\n",
       "    <tr>\n",
       "      <th>Category_007</th>\n",
       "      <td>706</td>\n",
       "      <td>271</td>\n",
       "      <td>2644</td>\n",
       "      <td>293</td>\n",
       "    </tr>\n",
       "    <tr>\n",
       "      <th>Category_008</th>\n",
       "      <td>4</td>\n",
       "      <td>1</td>\n",
       "      <td>76</td>\n",
       "      <td>0</td>\n",
       "    </tr>\n",
       "    <tr>\n",
       "      <th>Category_009</th>\n",
       "      <td>359</td>\n",
       "      <td>38</td>\n",
       "      <td>239</td>\n",
       "      <td>311</td>\n",
       "    </tr>\n",
       "    <tr>\n",
       "      <th>Category_010</th>\n",
       "      <td>31</td>\n",
       "      <td>0</td>\n",
       "      <td>10</td>\n",
       "      <td>1</td>\n",
       "    </tr>\n",
       "    <tr>\n",
       "      <th>Category_011</th>\n",
       "      <td>43</td>\n",
       "      <td>22</td>\n",
       "      <td>1056</td>\n",
       "      <td>43</td>\n",
       "    </tr>\n",
       "    <tr>\n",
       "      <th>Category_012</th>\n",
       "      <td>9</td>\n",
       "      <td>5</td>\n",
       "      <td>17</td>\n",
       "      <td>16</td>\n",
       "    </tr>\n",
       "    <tr>\n",
       "      <th>Category_013</th>\n",
       "      <td>51</td>\n",
       "      <td>0</td>\n",
       "      <td>109</td>\n",
       "      <td>17</td>\n",
       "    </tr>\n",
       "    <tr>\n",
       "      <th>Category_015</th>\n",
       "      <td>238</td>\n",
       "      <td>130</td>\n",
       "      <td>476</td>\n",
       "      <td>201</td>\n",
       "    </tr>\n",
       "    <tr>\n",
       "      <th>Category_016</th>\n",
       "      <td>3</td>\n",
       "      <td>0</td>\n",
       "      <td>0</td>\n",
       "      <td>2</td>\n",
       "    </tr>\n",
       "    <tr>\n",
       "      <th>Category_017</th>\n",
       "      <td>8</td>\n",
       "      <td>0</td>\n",
       "      <td>15</td>\n",
       "      <td>0</td>\n",
       "    </tr>\n",
       "    <tr>\n",
       "      <th>Category_018</th>\n",
       "      <td>117</td>\n",
       "      <td>0</td>\n",
       "      <td>89</td>\n",
       "      <td>28</td>\n",
       "    </tr>\n",
       "    <tr>\n",
       "      <th>Category_019</th>\n",
       "      <td>2954</td>\n",
       "      <td>829</td>\n",
       "      <td>17575</td>\n",
       "      <td>1060</td>\n",
       "    </tr>\n",
       "    <tr>\n",
       "      <th>Category_020</th>\n",
       "      <td>0</td>\n",
       "      <td>5</td>\n",
       "      <td>0</td>\n",
       "      <td>151</td>\n",
       "    </tr>\n",
       "    <tr>\n",
       "      <th>Category_021</th>\n",
       "      <td>634</td>\n",
       "      <td>77</td>\n",
       "      <td>1464</td>\n",
       "      <td>239</td>\n",
       "    </tr>\n",
       "    <tr>\n",
       "      <th>Category_022</th>\n",
       "      <td>39</td>\n",
       "      <td>0</td>\n",
       "      <td>79</td>\n",
       "      <td>285</td>\n",
       "    </tr>\n",
       "    <tr>\n",
       "      <th>Category_023</th>\n",
       "      <td>20</td>\n",
       "      <td>101</td>\n",
       "      <td>159</td>\n",
       "      <td>87</td>\n",
       "    </tr>\n",
       "    <tr>\n",
       "      <th>Category_024</th>\n",
       "      <td>335</td>\n",
       "      <td>97</td>\n",
       "      <td>360</td>\n",
       "      <td>182</td>\n",
       "    </tr>\n",
       "    <tr>\n",
       "      <th>Category_025</th>\n",
       "      <td>0</td>\n",
       "      <td>0</td>\n",
       "      <td>0</td>\n",
       "      <td>3</td>\n",
       "    </tr>\n",
       "    <tr>\n",
       "      <th>Category_026</th>\n",
       "      <td>171</td>\n",
       "      <td>0</td>\n",
       "      <td>513</td>\n",
       "      <td>24</td>\n",
       "    </tr>\n",
       "    <tr>\n",
       "      <th>Category_027</th>\n",
       "      <td>1</td>\n",
       "      <td>0</td>\n",
       "      <td>0</td>\n",
       "      <td>0</td>\n",
       "    </tr>\n",
       "    <tr>\n",
       "      <th>Category_028</th>\n",
       "      <td>542</td>\n",
       "      <td>0</td>\n",
       "      <td>887</td>\n",
       "      <td>77</td>\n",
       "    </tr>\n",
       "    <tr>\n",
       "      <th>Category_029</th>\n",
       "      <td>37</td>\n",
       "      <td>0</td>\n",
       "      <td>0</td>\n",
       "      <td>0</td>\n",
       "    </tr>\n",
       "    <tr>\n",
       "      <th>Category_030</th>\n",
       "      <td>0</td>\n",
       "      <td>96</td>\n",
       "      <td>100</td>\n",
       "      <td>414</td>\n",
       "    </tr>\n",
       "    <tr>\n",
       "      <th>Category_031</th>\n",
       "      <td>43</td>\n",
       "      <td>0</td>\n",
       "      <td>42</td>\n",
